63,8.6447298362,0.0,0.0
78,3.41717412008,0.0,0.0
7,0.0548162849154,0.0,0.0
7,0.498159758747,0.0,0.0
72,741.188522339,0.0,0.0
75,732.394454956,3.0,0.0
75,706.533519745,0.0,0.0
75,685.640295029,0.0,0.0
75,665.259755135,0.0,0.0
75,645.367424965,1.0,0.0
75,626.251552582,0.0,0.0
75,607.698544502,0.0,0.0
75,589.785842419,0.0,0.0
76,579.71914053,0.0,0.0
73,710.372003555,0.0,0.0
76,715.667122841,0.0,0.0
76,694.13657856,0.0,0.0
76,673.529016495,0.0,0.0
76,654.97516346,0.0,0.0
76,634.618938446,6.0,0.0
75,609.363801479,0.0,0.0
76,597.052900314,0.0,0.0
76,578.715073586,0.0,0.0
76,561.192376614,0.0,0.0
76,544.486979485,0.0,0.0
76,528.047472,0.0,0.0
76,512.284811497,0.0,0.0
75,490.439843178,0.0,0.0
76,482.205866337,0.0,0.0
76,467.775943756,0.0,0.0
74,441.990966797,0.0,0.0
76,440.505535603,0.0,0.0
76,427.320062637,1.0,0.0
76,414.521224022,0.0,0.0
76,402.157059193,0.0,0.0
76,390.084122658,0.0,0.0
75,373.481461525,4.0,0.0
75,362.457596302,0.0,0.0
76,356.353833199,0.0,0.0
76,345.718952656,4.0,0.0
76,335.399387836,0.0,0.0
75,321.130970478,1.0,0.0
75,311.642805576,3.0,0.0
75,302.440882683,0.0,0.0
75,293.532576799,0.0,0.0
73,277.399170399,0.0,0.0
75,276.685706854,2.0,0.0
76,271.95946002,0.0,0.0
76,263.945850611,4.0,0.0
76,255.976449728,0.0,0.0
76,248.413047791,1.0,0.0
76,240.921792507,1.0,0.0
74,227.662140608,0.0,0.0
76,226.990598679,1.0,0.0
76,220.127245665,0.0,0.0
76,213.501630783,1.0,0.0
76,207.182503223,0.0,0.0
76,201.040115356,0.0,0.0
76,194.999134064,0.0,0.0
75,186.660552979,0.0,0.0
76,183.550434589,3.0,0.0
76,178.122442245,4.0,0.0
75,170.630429029,0.0,0.0
76,167.694815874,0.0,0.0
76,162.672698021,0.0,0.0
76,157.799281836,0.0,0.0
76,153.067400217,0.0,0.0
76,148.547424197,6.0,0.0
75,142.310984612,0.0,0.0
76,139.766354084,0.0,0.0
75,133.981645226,0.0,0.0
75,130.02148366,2.0,0.0
76,127.85139966,2.0,0.0
75,122.498375654,0.0,0.0
76,120.375210881,0.0,0.0
76,116.743626475,0.0,0.0
76,113.298218369,0.0,0.0
76,109.864866257,0.0,0.0
76,106.556652546,0.0,0.0
76,103.527280807,0.0,0.0
76,100.31793797,0.0,0.0
76,97.2910767794,0.0,0.0
76,94.4973944426,4.0,0.0
76,91.6428177357,0.0,0.0
76,88.9648878574,0.0,0.0
75,85.1330982447,9.0,0.0
76,83.8907901049,0.0,0.0
76,81.2654520273,1.0,0.0
76,78.8622334003,1.0,0.0
76,76.4409512281,4.0,0.0
76,74.2429767251,0.0,0.0
75,71.0934469104,9.0,0.0
76,70.2151293755,0.0,0.0
76,68.0076823831,7.0,0.0
76,66.0116673112,0.0,0.0
76,64.1068439484,0.0,0.0
76,62.2370086312,0.0,0.0
75,59.5110381246,0.0,0.0
75,57.7444915175,0.0,0.0
75,56.0625947118,0.0,0.0
76,55.0881436467,0.0,0.0
76,53.4635767937,7.0,0.0
75,51.4043111801,1.0,0.0
76,50.6188174486,0.0,0.0
75,48.4230539203,0.0,0.0
76,47.5117806792,2.0,0.0
76,46.2299407125,9.0,0.0
76,44.8662920594,0.0,0.0
76,43.4396762848,2.0,0.0
76,42.0952810049,0.0,0.0
76,41.1095778346,0.0,0.0
76,39.8185847998,2.0,0.0
76,38.7518946826,5.0,0.0
76,37.9088073969,0.0,0.0
76,36.3510455489,0.0,0.0
76,35.3301095366,0.0,0.0
75,33.7773238122,0.0,0.0
76,33.1248361766,0.0,0.0
76,32.2614236176,3.0,0.0
76,31.346254915,2.0,0.0
76,30.2358854413,5.0,0.0
76,29.5524207652,0.0,0.0
76,28.4037927985,5.0,0.0
75,27.4924399257,6.0,1.0
76,27.3876801133,4.0,0.0
76,26.1991190016,0.0,0.0
76,25.5384639502,0.0,0.0
76,24.832018137,3.0,0.0
76,23.9769367576,0.0,0.0
75,23.1659874022,1.0,0.0
76,22.955544889,0.0,0.0
75,21.8470067978,7.0,1.0
76,21.5468766093,2.0,0.0
76,20.9330467582,3.0,0.0
76,19.981328398,1.0,0.0
76,19.5033010691,1.0,0.0
75,18.7030963153,4.0,0.0
75,18.5685304999,12.0,1.0
76,18.062160328,8.0,0.0
75,17.4562021941,4.0,0.0
76,17.2382147014,2.0,0.0
76,17.2201000303,2.0,0.0
75,16.0738655776,1.0,0.0
76,15.8941700459,1.0,0.0
76,15.2797529101,0.0,0.0
76,14.9133101702,7.0,0.0
76,14.8499238193,1.0,0.0
76,14.2245909125,0.0,0.0
76,13.7040682584,1.0,0.0
75,13.231230855,0.0,0.0
73,12.3734198213,0.0,0.0
76,12.5725523531,0.0,0.0
76,12.0204510242,2.0,0.0
75,11.3909985423,3.0,0.0
76,11.2798269838,4.0,0.0
75,11.1342565566,0.0,0.0
76,10.9337180704,3.0,0.0
76,10.7944380045,3.0,0.0
76,10.0935996473,0.0,0.0
75,9.84743594378,2.0,0.0
76,9.66840261221,6.0,0.0
76,9.43968573213,5.0,0.0
75,9.42372424155,9.0,0.0
76,8.94813725352,2.0,0.0
76,8.61579459906,4.0,0.0
73,8.19119407982,0.0,0.0
76,8.25039874017,3.0,0.0
76,8.1277262792,0.0,0.0
76,7.71221463382,5.0,0.0
76,7.78588784486,6.0,0.0
75,7.50573197007,1.0,0.0
76,7.28556761891,2.0,0.0
76,7.00306457281,9.0,0.0
76,6.86278697103,4.0,0.0
75,6.64707489312,7.0,0.0
75,6.41446067393,5.0,0.0
76,6.4968778342,3.0,1.0
75,6.57406434417,8.0,0.0
75,6.21142218262,10.0,1.0
76,6.07740331441,4.0,0.0
75,5.94903637469,0.0,0.0
76,6.04114733636,9.0,0.0
75,5.34165120497,0.0,0.0
76,5.46680915728,11.0,0.0
76,5.33895527944,6.0,0.0
75,5.69443416223,0.0,0.0
76,5.62788540497,1.0,0.0
75,5.68431310728,3.0,0.0
76,5.2858213447,6.0,0.0
76,4.75856441259,0.0,0.0
76,4.97234610468,0.0,0.0
75,4.85316958651,0.0,0.0
76,4.60339038074,0.0,0.0
76,4.90203303471,2.0,0.0
76,4.41327917576,4.0,1.0
76,4.04919085279,5.0,0.0
76,3.92770621553,0.0,0.0
75,4.23932683468,0.0,0.0
75,3.98186891153,0.0,0.0
76,3.71405573562,6.0,0.0
71,3.46973394975,0.0,0.0
71,3.17134946585,1.0,0.0
75,3.56783348694,0.0,0.0
76,3.47052873671,1.0,0.0
73,3.10586981475,0.0,0.0
76,3.03895203397,2.0,0.0
76,3.01302250847,3.0,0.0
76,3.04894539714,4.0,0.0
75,2.74570139311,0.0,0.0
74,2.77906678803,3.0,0.0
75,2.8343613036,5.0,0.0
76,2.6079911422,8.0,0.0
76,2.63758617453,0.0,0.0
74,2.66361573152,0.0,0.0
76,2.50226890482,7.0,0.0
76,2.42982003652,0.0,0.0
76,2.29304077849,0.0,0.0
76,2.10436943918,9.0,0.0
75,2.43197956868,2.0,0.0
76,2.38954955153,0.0,0.0
76,2.46118588187,0.0,0.0
73,2.15683870576,0.0,0.0
75,2.09127775393,6.0,0.0
76,2.05698315054,5.0,0.0
75,2.06555766799,1.0,0.0
76,1.93342639692,0.0,0.0
75,1.99233759567,8.0,1.0
76,1.9980133269,10.0,0.0
75,1.70838123932,0.0,0.0
76,1.90422198921,0.0,0.0
76,1.97041287459,4.0,0.0
76,1.99900253676,11.0,0.0
75,2.14384452254,9.0,0.0
76,2.23039023578,7.0,0.0
76,1.79576696921,2.0,0.0
75,1.81150543503,0.0,0.0
76,2.241804922,0.0,0.0
76,2.01336923335,0.0,0.0
76,1.7392292507,6.0,0.0
76,1.87809322774,0.0,0.0
76,2.35322348494,2.0,0.0
76,2.04807030968,7.0,0.0
76,2.20400017407,0.0,0.0
76,1.78503534012,0.0,0.0
76,1.7108238982,2.0,0.0
76,1.82594285067,0.0,0.0
76,1.6611804571,0.0,0.0
76,2.14338315092,0.0,0.0
76,1.99544282909,7.0,0.0
76,1.67732465919,4.0,0.0
76,1.69601700455,0.0,0.0
76,1.45304996148,0.0,0.0
75,1.57981326804,12.0,1.0
76,1.54634990077,5.0,0.0
75,1.45644799806,1.0,0.0
76,1.46446231101,9.0,0.0
74,1.26497184113,0.0,0.0
75,1.53827929497,10.0,0.0
75,1.23522723932,0.0,0.0
75,1.54150181636,11.0,0.0
76,1.28565271478,10.0,0.0
76,1.47311750147,13.0,0.0
75,1.56759991683,10.0,0.0
76,1.68414451461,4.0,0.0
75,1.36340655573,9.0,0.0
76,1.67395929387,3.0,0.0
76,1.4081673543,0.0,0.0
76,1.52661714144,8.0,0.0
76,1.56788941473,0.0,0.0
76,1.83770942921,3.0,0.0
76,2.08471149113,7.0,1.0
76,1.9913274562,0.0,0.0
76,1.95697448868,1.0,0.0
75,1.87380262464,6.0,0.0
75,1.98491382552,2.0,0.0
75,2.14072996285,1.0,0.0
76,1.55152846361,0.0,0.0
76,1.56831676885,7.0,0.0
76,1.82993319118,2.0,0.0
75,2.07533132005,5.0,0.0
75,2.21032026969,0.0,0.0
75,1.38113689097,6.0,0.0
76,1.45816554781,2.0,0.0
76,1.63592283148,2.0,0.0
75,1.47037393926,6.0,0.0
76,1.64412669884,0.0,0.0
75,1.61872978695,5.0,0.0
76,2.03216777043,0.0,0.0
76,1.17916664062,0.0,0.0
76,1.5056933132,4.0,0.0
75,1.35010275804,4.0,0.0
76,1.54302870762,0.0,0.0
75,1.22573254909,0.0,0.0
76,1.13301999541,0.0,0.0
76,1.32796368282,0.0,0.0
75,1.07233472168,4.0,0.0
76,1.05510113109,4.0,0.0
76,1.02459474327,3.0,0.0
76,0.96507105045,3.0,0.0
76,1.14182326617,2.0,0.0
76,0.878489590716,1.0,0.0
76,0.781232189853,0.0,0.0
73,0.760466061067,1.0,0.0
75,1.27706801705,0.0,0.0
75,0.720571345184,0.0,0.0
76,0.748999793082,0.0,0.0
75,0.93788902252,2.0,0.0
75,0.827651012456,0.0,0.0
76,0.547558049206,0.0,0.0
76,0.62245722441,0.0,0.0
76,0.608977363911,2.0,0.0
76,0.629158466822,3.0,0.0
76,0.492747697746,0.0,0.0
76,0.543034645263,0.0,0.0
76,0.536016624887,0.0,0.0
76,0.711170577211,0.0,0.0
76,0.609320040327,7.0,0.0
76,0.54764110595,0.0,0.0
76,0.68024908402,0.0,0.0
76,0.547330391826,0.0,0.0
76,0.517537059728,1.0,0.0
76,0.510803555371,0.0,0.0
76,0.500967747765,0.0,0.0
76,0.494198084343,0.0,0.0
75,0.372255409136,0.0,0.0
76,0.375022720778,0.0,0.0
76,0.494862666354,0.0,0.0
75,0.337765513454,0.0,0.0
75,0.222074162448,0.0,0.0
76,0.335687588435,3.0,0.0
75,0.403897210024,2.0,0.0
76,0.423996741883,0.0,0.0
76,0.360822585411,0.0,0.0
76,0.262028378667,2.0,0.0
75,0.362742563477,2.0,0.0
75,0.385473531904,4.0,0.0
76,0.446302141994,0.0,0.0
76,0.407002639258,2.0,0.0
76,0.404207000043,6.0,0.0
75,0.26467219193,0.0,0.0
75,0.288517982233,4.0,0.0
76,0.555206047022,0.0,0.0
75,0.423580727424,0.0,0.0
76,0.434444167768,0.0,0.0
76,0.31716162106,0.0,0.0
76,0.37933807564,3.0,0.0
76,0.358934201766,0.0,0.0
76,0.392617964651,0.0,0.0
76,0.37154906441,2.0,0.0
75,0.487568889628,0.0,0.0
76,0.354164646822,1.0,0.0
73,0.528047945001,0.0,0.0
76,0.422979675699,0.0,0.0
75,0.407992540742,0.0,0.0
76,0.387832846376,0.0,0.0
76,0.36821864394,0.0,0.0
76,0.387454741169,8.0,0.0
76,0.69195393112,0.0,0.0
76,0.683421582449,3.0,0.0
75,0.631475354545,3.0,0.0
76,0.680875898106,7.0,0.0
76,0.405672713066,0.0,0.0
75,0.477505803807,2.0,0.0
76,0.495905854972,2.0,0.0
76,0.550104723312,3.0,0.0
76,0.474081735476,0.0,0.0
76,0.446497375029,8.0,0.0
76,0.435459397035,0.0,0.0
75,0.486232800642,2.0,0.0
76,0.444199780351,3.0,0.0
76,0.500770034734,0.0,0.0
76,0.609224294894,0.0,0.0
76,0.61062761303,1.0,0.0
76,0.550904780277,9.0,0.0
76,0.799494688632,9.0,0.0
76,0.942105854396,2.0,0.0
76,1.0917339588,1.0,0.0
76,0.902323678136,4.0,0.0
76,0.958090198459,6.0,0.0
75,0.756279207999,0.0,0.0
75,0.518567277351,0.0,0.0
76,0.938763173763,0.0,0.0
76,0.918429279467,0.0,0.0
76,0.902968384558,0.0,0.0
75,0.647221080493,0.0,0.0
76,0.78465472674,0.0,0.0
76,0.913996904623,6.0,0.0
76,0.871320336126,4.0,0.0
76,0.950859506847,2.0,0.0
76,0.725948714884,0.0,0.0
76,0.8094875284,0.0,0.0
76,0.792348045856,4.0,0.0
76,0.825610821135,0.0,0.0
75,0.874390858458,2.0,0.0
76,0.640997242648,11.0,0.0
76,0.672631307738,0.0,0.0
76,0.676086737309,5.0,0.0
76,0.914369439939,8.0,0.0
76,0.754473469686,1.0,0.0
76,0.673982265871,3.0,0.0
76,0.854217536165,3.0,0.0
76,0.827120302245,0.0,0.0
75,0.841375264106,0.0,0.0
76,0.939115848858,0.0,0.0
76,0.635294695385,0.0,0.0
75,0.786701310892,0.0,0.0
75,0.65328672668,0.0,0.0
76,0.369519551517,4.0,0.0
74,0.568303631619,0.0,0.0
76,0.772621634649,1.0,0.0
76,0.620198618853,1.0,0.0
76,0.65068156831,7.0,0.0
75,0.790135972435,0.0,0.0
76,0.641569298692,11.0,0.0
75,1.37165644066,2.0,0.0
76,1.24965604115,0.0,0.0
76,1.25697010336,4.0,0.0
75,0.926820621127,0.0,0.0
76,0.871906188549,0.0,0.0
76,0.977172037121,6.0,0.0
76,0.780701871496,0.0,0.0
76,0.964959403034,0.0,0.0
76,0.530206888914,0.0,0.0
75,0.664042146644,0.0,0.0
76,0.629158719443,0.0,0.0
75,0.572872935096,1.0,0.0
76,0.545547953341,0.0,0.0
76,0.549322498962,0.0,0.0
76,0.78134785709,0.0,0.0
76,0.646706370404,0.0,0.0
76,0.644721128047,0.0,0.0
76,0.530949033564,0.0,0.0
76,0.48163025477,0.0,0.0
76,0.607118224259,4.0,0.0
76,0.497488999274,0.0,0.0
76,0.469385638367,0.0,0.0
76,0.442189194262,0.0,0.0
75,0.509329857305,0.0,0.0
76,0.431888347724,0.0,0.0
76,0.416680051479,0.0,0.0
76,0.307155090617,0.0,0.0
76,0.438930197852,0.0,0.0
76,0.337466130732,3.0,0.0
76,0.454095511464,0.0,0.0
75,0.333092116518,5.0,0.0
76,0.428775768727,1.0,0.0
76,0.413313138997,7.0,0.0
75,0.277162938844,9.0,0.0
75,0.422543824418,7.0,0.0
76,0.500966125517,3.0,0.0
76,0.585011615884,1.0,0.0
76,0.502407000982,0.0,0.0
76,0.430968198692,2.0,0.0
76,0.467478720122,0.0,0.0
76,0.488449863624,0.0,0.0
76,0.515181553899,0.0,0.0
76,0.674160041497,0.0,0.0
75,0.684096585028,0.0,0.0
76,0.814606777742,3.0,0.0
76,0.680188633734,0.0,0.0
76,0.679891783278,0.0,0.0
76,0.593697815551,0.0,0.0
76,0.429643136798,0.0,0.0
75,0.549171386403,0.0,0.0
75,0.455589118297,0.0,0.0
74,0.414509461378,0.0,0.0
75,0.500832399121,0.0,0.0
76,0.336944590206,0.0,0.0
76,0.401790562668,0.0,0.0
75,0.665925103938,5.0,0.0
76,0.487926318543,0.0,0.0
75,0.612117443699,6.0,0.0
76,0.620039850939,3.0,0.0
76,0.452911273227,8.0,0.0
76,0.622537422227,0.0,0.0
76,0.433424203773,0.0,0.0
75,0.376378598623,0.0,0.0
76,0.361059600371,0.0,0.0
76,0.366844248492,0.0,0.0
76,0.331600109348,0.0,0.0
76,0.355971555342,0.0,0.0
76,0.285231897375,1.0,0.0
76,0.284164472017,0.0,0.0
76,0.356852815021,1.0,0.0
75,0.357634115382,1.0,0.0
75,0.360353321652,0.0,0.0
76,0.235807148623,0.0,0.0
76,0.412966383621,0.0,0.0
76,0.275214670459,3.0,0.0
76,0.264283946017,0.0,0.0
76,0.489823609474,12.0,0.0
76,0.518500679173,1.0,0.0
76,0.420343697653,0.0,0.0
75,0.491823753458,0.0,0.0
76,0.638280853163,0.0,0.0
76,0.529477788485,0.0,0.0
76,0.658303789096,0.0,0.0
76,0.502629974973,2.0,0.0
76,0.437651875545,0.0,0.0
76,0.259796650033,0.0,0.0
76,0.41211701429,2.0,0.0
76,0.448138526292,0.0,0.0
76,0.289551744354,5.0,0.0
75,0.348088718252,3.0,0.0
76,0.32278129342,9.0,0.0
76,0.545278978301,0.0,0.0
76,0.404485535226,0.0,0.0
76,0.394526384654,0.0,0.0
76,0.719768372481,3.0,0.0
76,0.371499806643,0.0,0.0
75,0.336476457771,0.0,0.0
76,0.314753975952,0.0,0.0
76,0.419642032823,0.0,0.0
76,0.354519822286,0.0,0.0
76,0.350315214484,0.0,0.0
75,0.250234250794,3.0,0.0
75,0.443501553265,0.0,0.0
76,0.416646399419,6.0,0.0
76,0.311233398039,0.0,0.0
76,0.476888564997,0.0,0.0
76,0.456530348281,6.0,1.0
76,0.55056857632,0.0,0.0
75,0.476658278611,4.0,0.0
75,0.458541997708,7.0,0.0
76,0.523672615178,0.0,0.0
76,0.599489352317,0.0,0.0
76,0.441192882368,0.0,0.0
76,0.742206600378,0.0,0.0
76,0.489630300435,0.0,0.0
76,0.495717959595,0.0,0.0
76,0.351133840159,1.0,0.0
76,0.543563426239,10.0,0.0
74,0.396916514612,0.0,0.0
76,0.460548257688,6.0,0.0
75,0.534972607158,2.0,0.0
76,0.692630133708,0.0,0.0
76,0.676462897332,0.0,0.0
75,0.603226070874,1.0,0.0
76,0.468513378175,1.0,0.0
76,0.476145889726,0.0,0.0
76,0.725160738803,0.0,0.0
76,0.559347121511,0.0,0.0
76,0.564518371597,3.0,0.0
76,0.507835329627,0.0,0.0
76,0.631207842147,12.0,0.0
76,1.05099920486,0.0,0.0
76,0.776307829539,0.0,0.0
76,0.687149855774,4.0,0.0
76,0.737298784312,0.0,0.0
76,1.13558871439,0.0,0.0
76,0.757529715658,0.0,0.0
76,0.80357101839,0.0,0.0
75,0.714300811756,0.0,0.0
76,0.66263512976,5.0,0.0
76,0.645622519776,2.0,0.0
76,0.735833652318,4.0,0.0
76,0.837308692513,0.0,0.0
76,0.560699537862,0.0,0.0
76,0.56896732829,0.0,0.0
74,0.577755072503,0.0,0.0
76,0.722638138919,0.0,0.0
76,0.410010428517,0.0,0.0
76,0.456203162903,0.0,0.0
75,0.424078127486,0.0,0.0
76,0.383959393483,0.0,0.0
76,0.340160654974,10.0,0.0
76,0.380908782361,0.0,0.0
76,0.68655595975,0.0,0.0
74,0.465157920262,1.0,0.0
76,0.426374304108,0.0,0.0
76,0.712569262134,0.0,0.0
76,0.31150810665,11.0,0.0
76,0.579030895489,4.0,0.0
75,0.677624635398,0.0,0.0
75,0.412006688304,0.0,0.0
76,0.482250621542,4.0,0.0
75,0.467772877426,0.0,0.0
73,0.450978315435,0.0,0.0
76,0.473566032946,6.0,0.0
76,0.664660145529,0.0,0.0
75,0.562315078219,1.0,0.0
75,0.563694863347,2.0,0.0
76,0.456231159042,0.0,0.0
76,0.558441440808,0.0,0.0
76,0.613863487844,11.0,0.0
76,0.504743597005,0.0,0.0
76,0.727748580393,0.0,0.0
76,0.8758564936,0.0,0.0
76,0.579013540642,0.0,0.0
76,0.716974856565,1.0,0.0
75,0.864020248177,0.0,0.0
76,0.617658635485,0.0,0.0
76,0.569155420177,2.0,0.0
75,0.642235194915,0.0,0.0
76,0.514787237043,0.0,0.0
76,0.56901025644,0.0,0.0
76,0.597907054587,1.0,0.0
75,0.675348903635,1.0,0.0
76,0.533172137919,0.0,0.0
75,0.769831506303,0.0,0.0
75,0.507229810813,0.0,0.0
75,0.594339887728,0.0,0.0
76,0.38012538827,0.0,0.0
75,0.459925571107,0.0,0.0
76,0.482988931937,0.0,0.0
75,0.354728729231,0.0,0.0
76,0.287693932652,0.0,0.0
76,0.287688693148,0.0,0.0
76,0.289555526222,0.0,0.0
76,0.243006527424,0.0,0.0
75,0.346384210279,0.0,0.0
76,0.185228183982,0.0,0.0
76,0.206369467429,0.0,0.0
76,0.151509275893,0.0,0.0
76,0.145008390304,0.0,0.0
76,0.13880652329,1.0,0.0
76,0.187166526797,4.0,0.0
76,0.250715597067,1.0,0.0
75,0.182921447675,5.0,0.0
76,0.201355798752,0.0,0.0
76,0.224970470648,2.0,0.0
75,0.202395886299,0.0,0.0
76,0.362202818273,0.0,0.0
76,0.176386906183,0.0,0.0
76,0.246789917815,0.0,0.0
75,0.217035898007,0.0,0.0
75,0.2882268104,7.0,0.0
76,0.291632335051,0.0,0.0
76,0.242708681501,0.0,0.0
76,0.221800225088,5.0,0.0
76,0.307564075571,8.0,1.0
76,0.250514474232,3.0,0.0
76,0.521939999773,1.0,0.0
76,0.404912724625,5.0,0.0
76,0.539416949148,0.0,0.0
74,0.349328375538,0.0,0.0
75,0.340991046396,0.0,0.0
76,0.547933129827,0.0,0.0
76,0.485776083195,0.0,0.0
76,0.707066220813,8.0,0.0
75,0.649848228088,0.0,0.0
75,0.375544535345,6.0,0.0
76,0.298227671883,0.0,0.0
76,0.672066552681,0.0,0.0
76,0.622731170035,0.0,0.0
76,0.589077501092,0.0,0.0
76,0.690068301861,0.0,0.0
76,0.467272589565,0.0,0.0
76,0.544421538129,0.0,0.0
76,0.297442336218,1.0,0.0
76,0.429285639897,0.0,0.0
76,0.302532950416,0.0,0.0
76,0.476990934461,6.0,0.0
76,0.580290878541,5.0,0.0
76,0.548379275599,0.0,0.0
76,0.55836545059,10.0,0.0
76,0.637737827841,0.0,0.0
76,0.46697693388,0.0,0.0
76,0.376955780201,0.0,0.0
75,0.573318444891,0.0,0.0
76,0.618838257273,0.0,0.0
76,0.469838763587,0.0,0.0
76,0.967426826013,8.0,0.0
76,0.570511294995,0.0,0.0
76,0.496905933251,0.0,0.0
76,0.703988503548,0.0,0.0
76,0.654818665469,0.0,0.0
76,0.385184771498,0.0,0.0
76,0.37841669796,0.0,0.0
75,0.440631781938,0.0,0.0
75,0.45298162906,2.0,0.0
74,0.384156046668,0.0,0.0
76,0.566963656689,0.0,0.0
76,0.346919983393,0.0,0.0
76,0.614253185689,0.0,0.0
76,0.527304486837,0.0,0.0
76,0.429503950756,0.0,0.0
76,0.426851772238,0.0,0.0
76,0.434206723585,0.0,0.0
75,0.299148458173,0.0,0.0
76,0.357741422486,0.0,0.0
76,0.283366617747,0.0,0.0
75,0.184950720402,0.0,0.0
76,0.221490941127,0.0,0.0
76,0.305880191387,7.0,0.0
76,0.207186460029,0.0,0.0
76,0.210879926104,0.0,0.0
75,0.212911009206,0.0,0.0
76,0.380312730093,7.0,0.0
76,0.23378066381,0.0,0.0
76,0.329279120197,0.0,0.0
75,0.196597422822,0.0,0.0
76,0.291924745427,0.0,0.0
75,0.266208023764,1.0,0.0
75,0.244046260486,0.0,0.0
76,0.28273569257,2.0,0.0
76,0.321187012712,6.0,0.0
76,0.419234918663,3.0,0.0
76,0.357427701587,0.0,0.0
76,0.360233541112,8.0,0.0
76,0.549684111262,3.0,0.0
75,0.497049787082,2.0,0.0
76,0.585392262205,0.0,0.0
75,0.474530178239,0.0,0.0
76,0.610732547124,0.0,0.0
76,0.550951455371,3.0,0.0
76,0.55386915768,4.0,0.0
76,0.814911045483,8.0,0.0
75,0.85510665027,0.0,0.0
76,0.673861190677,0.0,0.0
76,0.81530689972,0.0,0.0
76,0.664656796958,0.0,0.0
76,0.619081487763,0.0,0.0
75,0.644550866797,2.0,0.0
76,0.52529627562,0.0,0.0
76,0.437611219706,0.0,0.0
76,0.459630210535,3.0,0.0
75,0.596766156494,0.0,0.0
76,0.622280602576,1.0,0.0
75,0.586655597785,0.0,0.0
76,0.680057508056,0.0,0.0
75,0.674819898326,1.0,0.0
76,0.723406895762,0.0,0.0
76,0.585685924278,0.0,0.0
76,0.398462340119,1.0,0.0
76,0.449839010136,0.0,0.0
75,0.428511921898,5.0,0.0
76,0.353501758887,3.0,0.0
76,0.300475248368,3.0,0.0
76,0.410992673947,0.0,0.0
75,0.342970937258,4.0,0.0
76,0.583211027551,5.0,0.0
75,0.507757851854,0.0,0.0
76,0.521339815692,3.0,0.0
76,0.608115417184,4.0,0.0
76,0.408924095565,0.0,0.0
76,0.427662164322,0.0,0.0
76,0.530395531096,2.0,0.0
76,0.429998510284,0.0,0.0
76,0.544147142442,0.0,0.0
76,0.374410689576,10.0,0.0
76,0.532548343646,12.0,0.0
76,0.812849836773,0.0,0.0
74,0.574851613725,0.0,0.0
76,0.714753691806,0.0,0.0
76,0.597337077372,0.0,0.0
76,0.61134399334,2.0,0.0
76,0.618273558677,0.0,0.0
76,0.505972215557,0.0,0.0
76,0.408957828302,0.0,0.0
76,0.528436951688,0.0,0.0
76,0.605285903788,0.0,0.0
76,0.518282279954,1.0,0.0
76,0.690547029721,0.0,0.0
75,0.415901472094,2.0,0.0
1,0.00166850641835,0.0,0.0
76,0.391759546939,0.0,0.0
74,0.465314497938,0.0,0.0
76,0.516510791029,1.0,0.0
76,0.43534351862,0.0,0.0
76,0.534528323798,0.0,0.0
75,0.485966265784,1.0,0.0
75,0.4102832668,0.0,0.0
76,0.361932104337,0.0,0.0
76,0.450012318557,14.0,0.0
75,0.637894133688,10.0,0.0
76,0.618753711111,1.0,0.0
75,0.710184088908,0.0,0.0
76,0.580995810451,0.0,0.0
76,0.584249391803,3.0,0.0
76,0.454911995563,7.0,0.0
76,0.349515311304,0.0,0.0
75,0.503509098431,9.0,0.0
75,0.661757722846,1.0,0.0
75,0.503098104731,0.0,0.0
76,0.455857201479,0.0,0.0
76,0.484404562856,7.0,0.0
76,0.693058324279,0.0,0.0
76,0.663589703152,2.0,0.0
76,0.693062427803,3.0,1.0
76,0.965489480877,3.0,1.0
76,0.802208286477,0.0,0.0
75,0.626910886029,1.0,0.0
74,0.690605368931,0.0,0.0
76,0.680894124554,6.0,0.0
76,0.725749847945,0.0,0.0
76,1.03113538015,1.0,0.0
76,0.631348776049,0.0,0.0
75,0.854346881271,0.0,0.0
76,0.891659976449,10.0,0.0
76,0.813410966191,4.0,0.0
75,0.653561860439,2.0,0.0
76,0.945316474186,11.0,0.0
76,0.955633937847,0.0,0.0
75,0.837099687196,1.0,0.0
76,0.934768846026,5.0,0.0
76,1.02158101462,3.0,0.0
76,1.00606985739,6.0,0.0
76,0.805043576285,13.0,1.0
76,0.792371274438,0.0,0.0
76,0.880150567275,5.0,0.0
76,0.874150737422,0.0,0.0
76,1.18860376207,2.0,0.0
76,1.27894483414,0.0,0.0
76,1.17062923266,2.0,0.0
76,0.784095375333,0.0,0.0
75,1.07889331086,9.0,0.0
76,1.18813198502,2.0,0.0
75,1.54179742071,2.0,0.0
76,1.3660319373,0.0,0.0
76,1.31923766015,0.0,0.0
76,1.33921093051,12.0,0.0
75,1.10126331472,0.0,0.0
76,1.37561161676,8.0,0.0
76,1.10210730834,3.0,0.0
76,0.955924238544,0.0,0.0
76,1.18031858793,5.0,0.0
76,1.09402314969,0.0,0.0
76,1.09098795708,0.0,0.0
76,0.884206915507,0.0,0.0
76,0.728528234642,3.0,0.0
76,1.08301137039,2.0,0.0
76,0.996577194426,0.0,0.0
75,0.680717262672,0.0,0.0
76,0.671242583543,0.0,0.0
76,0.589251266792,0.0,0.0
76,0.784352754476,5.0,0.0
75,0.776366522303,0.0,0.0
76,0.768977137515,0.0,0.0
76,1.02955464623,0.0,0.0
76,0.68165793363,5.0,0.0
76,0.799686407903,1.0,0.0
76,0.844639339019,0.0,0.0
76,0.57638850552,0.0,0.0
76,0.426491323742,2.0,0.0
75,0.518839254393,0.0,0.0
75,0.636421477189,0.0,0.0
76,0.530617001699,0.0,0.0
76,0.579479777953,4.0,0.0
76,0.650566204218,2.0,0.0
76,0.417830840684,0.0,0.0
75,0.535155581427,0.0,0.0
76,0.41610618541,0.0,0.0
74,0.381972157978,0.0,0.0
75,0.378952543368,5.0,0.0
76,0.337203097646,1.0,0.0
76,0.438890582882,0.0,0.0
76,0.484309019637,0.0,0.0
75,0.344435804407,1.0,0.0
75,0.193806487834,0.0,0.0
75,0.41265809827,0.0,0.0
76,0.381066903938,0.0,0.0
76,0.400171257439,0.0,0.0
76,0.282797927852,0.0,0.0
76,0.319405727088,0.0,0.0
76,0.285651092301,2.0,0.0
76,0.38789991755,0.0,0.0
76,0.306130384211,0.0,0.0
75,0.247194610303,0.0,0.0
75,0.255976872402,2.0,0.0
76,0.156684187939,0.0,0.0
75,0.170751586324,11.0,0.0
76,0.461037697736,0.0,0.0
76,0.353861026,8.0,0.0
76,0.307844292489,0.0,0.0
76,0.547655732604,7.0,0.0
75,0.607271311688,8.0,0.0
75,0.79586367216,4.0,0.0
76,1.25850415835,0.0,0.0
76,0.511095735128,0.0,0.0
76,0.544216764043,0.0,0.0
76,0.626900268602,0.0,0.0
76,1.0688238329,0.0,0.0
76,0.792148353183,1.0,0.0
76,0.395631945692,0.0,0.0
76,0.631337658619,0.0,0.0
76,0.591088653309,0.0,0.0
76,0.621330608614,6.0,0.0
74,0.732397346408,0.0,0.0
75,0.566545525333,0.0,0.0
76,0.730288503226,5.0,0.0
76,0.601758855861,0.0,0.0
76,0.782920507365,6.0,0.0
76,0.768147860304,0.0,0.0
76,0.719786952832,1.0,0.0
76,0.906815043534,2.0,0.0
76,0.73029450886,9.0,1.0
75,0.96919924079,0.0,0.0
76,0.656190496404,0.0,0.0
75,0.473835251178,0.0,0.0
76,0.642301765969,5.0,0.0
76,0.804722484434,0.0,0.0
74,0.514686487266,1.0,0.0
76,0.595377573511,6.0,0.0
76,0.569641458453,4.0,0.0
76,0.612554669846,0.0,0.0
76,0.481260829023,0.0,0.0
76,0.540043525398,2.0,0.0
76,0.61912537145,3.0,0.0
76,0.625608673668,3.0,0.0
76,0.69821443141,10.0,0.0
76,0.505595830502,0.0,0.0
76,0.778437593719,1.0,0.0
76,0.630729015335,4.0,0.0
76,0.774684747914,8.0,0.0
76,0.711419343483,2.0,0.0
76,0.665084626875,2.0,0.0
76,0.908307905309,0.0,0.0
76,0.676884938497,0.0,0.0
76,0.796316022286,4.0,0.0
76,0.830888993572,4.0,0.0
76,0.82724006963,0.0,0.0
76,0.734241001308,1.0,0.0
76,0.588917778106,1.0,0.0
74,0.689589344664,0.0,0.0
76,0.850389769534,5.0,0.0
76,0.732322107535,0.0,0.0
76,0.4984390256,8.0,0.0
75,0.888828992262,7.0,0.0
76,0.754055451369,0.0,0.0
76,0.979868323309,3.0,0.0
76,0.799610091839,0.0,0.0
76,0.700887128594,0.0,0.0
74,0.70866661449,0.0,0.0
76,0.701913334546,0.0,0.0
76,0.85016874515,3.0,0.0
76,0.99189147586,0.0,0.0
76,0.744060455589,0.0,0.0
76,0.673161858926,0.0,0.0
74,0.535471321666,0.0,0.0
76,0.607893177657,0.0,0.0
76,0.481056928635,0.0,0.0
74,0.525943845278,0.0,0.0
76,0.45574682625,4.0,0.0
76,0.687331380555,3.0,0.0
76,0.59506907023,0.0,0.0
76,0.302131780656,0.0,0.0
76,0.644499684917,0.0,0.0
76,0.393008415704,0.0,0.0
76,0.398940777523,2.0,0.0
76,0.508468887303,3.0,0.0
76,0.34591801709,1.0,0.0
76,0.28237196675,0.0,0.0
76,0.47515970876,2.0,0.0
76,0.374181705993,0.0,0.0
76,0.298827566905,6.0,0.0
76,0.339601491345,0.0,0.0
76,0.341243733536,1.0,0.0
76,0.422528981348,0.0,0.0
76,0.286676302319,0.0,0.0
76,0.398696775897,0.0,0.0
75,0.243324178504,0.0,0.0
75,0.176862473367,0.0,0.0
75,0.378849565051,0.0,0.0
75,0.302842731355,1.0,0.0
76,0.242525843321,0.0,0.0
76,0.239802577067,0.0,0.0
76,0.376221592538,4.0,0.0
76,0.339166030404,0.0,0.0
76,0.379488073755,2.0,0.0
76,0.468326097471,7.0,0.0
76,0.383919383632,5.0,0.0
76,0.397082226933,1.0,0.0
76,0.45065719285,4.0,0.0
76,0.392277859268,1.0,0.0
76,0.607189834467,3.0,0.0
76,0.538386742584,0.0,0.0
76,0.526683198288,6.0,0.0
76,0.545391858323,2.0,0.0
76,0.601034047781,1.0,0.0
76,0.549121801276,0.0,0.0
76,0.583372330177,6.0,0.0
75,0.597274847329,1.0,0.0
76,0.549213888473,5.0,0.0
75,0.721440747613,0.0,0.0
76,0.678306275746,0.0,0.0
76,0.592740988475,2.0,0.0
76,0.669482420199,10.0,0.0
76,0.753787742346,7.0,0.0
75,0.936833305517,3.0,0.0
76,0.893424708862,0.0,0.0
75,0.85784849897,0.0,0.0
76,1.10862705484,5.0,0.0
75,0.989239567658,1.0,0.0
76,0.852524457499,4.0,0.0
76,0.78085030173,0.0,0.0
75,0.985156723647,0.0,0.0
76,1.09598845872,0.0,0.0
76,0.866496076575,0.0,0.0
76,0.67902664328,1.0,0.0
76,0.786724249367,7.0,1.0
76,0.505776951555,0.0,0.0
76,0.666562814382,0.0,0.0
76,0.842861810466,0.0,0.0
76,0.573284330661,3.0,0.0
75,0.543894202448,9.0,0.0
76,0.878953381325,4.0,0.0
76,0.795256109675,7.0,0.0
76,1.11797267455,2.0,0.0
76,0.735887648887,0.0,0.0
76,0.77069100237,0.0,0.0
75,0.721546899993,0.0,0.0
76,0.774690961931,0.0,0.0
76,0.621931734728,3.0,0.0
75,0.69039466558,6.0,0.0
76,0.792414226104,2.0,0.0
76,0.806426405907,0.0,0.0
76,0.54634307744,5.0,0.0
75,0.482935106615,0.0,0.0
76,6008.904312,4.0,0.0
76,6429.18713379,0.0,0.0
75,6156.01278687,0.0,0.0
75,5973.95074463,0.0,0.0
73,5644.99785614,0.0,0.0
75,5630.7623291,0.0,0.0
76,5535.80737305,0.0,0.0
76,5370.10779572,3.0,0.0
76,5209.35209656,1.0,0.0
76,5053.38040161,0.0,0.0
75,4838.7288208,2.0,0.0
75,4695.60840988,0.0,0.0
76,4616.56259537,7.0,0.0
76,4478.47616196,2.0,0.0
76,4344.23542404,0.0,0.0
76,4214.06813431,5.0,0.0
76,4087.97589874,7.0,0.0
75,3914.26012802,2.0,0.0
76,3848.57910919,0.0,0.0
76,3733.27883911,8.0,0.0
76,3621.43126678,4.0,0.0
76,3513.16196823,0.0,0.0
76,3407.75727463,0.0,0.0
75,3262.74634171,1.0,0.0
76,3208.11128998,0.0,0.0
76,3112.02044678,2.0,0.0
76,3018.83534622,4.0,0.0
76,2928.66535187,5.0,0.0
76,2841.1341095,2.0,0.0
76,2755.90096283,0.0,0.0
74,2603.93875885,0.0,0.0
75,2561.75704575,1.0,0.0
76,2518.5561409,0.0,0.0
74,2379.99402809,0.0,0.0
76,65201.2597675,0.0,0.0
76,1569078.7168,0.0,0.0
76,1522091.625,0.0,0.0
76,1476512.04102,8.0,0.0
75,1413732.24414,3.0,0.0
76,1389962.1875,0.0,0.0
76,1348338.9668,0.0,0.0
76,1307962.55469,0.0,0.0
76,1268794.9668,1.0,0.0
76,1230800.46973,0.0,0.0
76,1193943.43555,0.0,0.0
76,1158190.18262,0.0,0.0
76,1123507.39648,0.0,0.0
76,1089863.52539,0.0,0.0
76,1057227.23145,0.0,0.0
76,1025568.01758,7.0,0.0
76,994856.994141,0.0,0.0
76,965065.394531,0.0,0.0
74,911892.884766,0.0,0.0
76,908858.792969,0.0,0.0
76,881642.514648,0.0,0.0
75,844156.02832,2.0,0.0
76,829962.490234,0.0,0.0
76,805109.166992,8.0,0.0
75,770877.113281,4.0,0.0
76,757915.769531,0.0,0.0
76,735219.620117,0.0,0.0
76,713203.202148,0.0,0.0
76,691845.814453,1.0,0.0
76,671128.183594,6.0,0.0
75,642592.499023,1.0,0.0
76,631788.073242,3.0,0.0
76,612868.959961,0.0,0.0
76,594516.345703,0.0,0.0
76,576713.438477,1.0,0.0
76,559443.46875,0.0,0.0
76,542690.571289,0.0,0.0
76,526439.482422,3.0,0.0
76,510674.973633,0.0,0.0
76,495382.856445,0.0,0.0
76,480548.097168,0.0,0.0
76,466157.874512,0.0,0.0
76,452198.589844,0.0,0.0
76,438657.381836,0.0,0.0
76,425521.586914,2.0,0.0
76,412779.081543,0.0,0.0
76,400418.328125,0.0,0.0
76,388427.709473,4.0,0.0
76,376795.922852,0.0,0.0
76,365512.691895,3.0,0.0
76,354567.083008,0.0,0.0
75,339491.306152,0.0,0.0
76,333783.329102,0.0,0.0
76,323788.023438,0.0,0.0
76,314091.988037,0.0,0.0
75,300737.098877,0.0,0.0
76,295680.526611,2.0,0.0
76,286826.256104,0.0,0.0
76,278237.176514,0.0,0.0
76,269905.224609,0.0,0.0
76,261822.94458,0.0,0.0
76,253982.351318,0.0,0.0
76,246376.769531,0.0,0.0
76,238998.771729,0.0,0.0
76,231841.87793,0.0,0.0
76,10019991136.5,0.0,0.0
76,21280335936.0,1.0,0.0
75,20375517296.0,0.0,0.0
76,20032927104.0,0.0,0.0
76,19433030992.0,1.0,0.0
75,18606762672.0,3.0,0.0
76,18293911200.0,6.0,0.0
75,17516075840.0,0.0,0.0
76,17221560224.0,0.0,0.0
76,16705849344.0,0.0,0.0
76,16205586128.0,0.0,0.0
75,15516543264.0,7.0,0.0
76,15255651104.0,0.0,0.0
76,14798818560.0,0.0,0.0
76,14355663280.0,6.0,0.0
76,13925778112.0,4.0,0.0
75,13333668544.0,0.0,0.0
76,13109477952.0,5.0,0.0
76,12716907328.0,6.0,0.0
76,12336091280.0,0.0,0.0
76,11966680096.0,0.0,0.0
76,11608333200.0,0.0,0.0
76,11260717968.0,2.0,0.0
75,10781924112.0,5.0,1.0
76,10600641568.0,5.0,0.0
76,10283200296.0,0.0,0.0
75,9845970776.0,0.0,0.0
75,9554949440.0,3.0,0.0
76,9394295640.0,0.0,0.0
75,8994863848.0,2.0,0.0
76,8843625832.0,0.0,0.0
76,8578797336.0,3.0,0.0
75,8214036048.0,4.0,0.0
76,8075924128.0,0.0,0.0
75,7732546688.0,0.0,0.0
75,7503994160.0,4.0,0.0
76,7377822256.0,8.0,0.0
76,7156889320.0,0.0,0.0
76,6942573312.0,0.0,0.0
76,6734674248.0,1.0,0.0
76,6533000728.0,0.0,0.0
76,6337368760.0,2.0,0.0
76,6147592720.0,4.0,0.0
76,5963500336.0,0.0,0.0
75,5709938848.0,6.0,0.0
75,5541166896.0,0.0,0.0
75,5377384512.0,0.0,0.0
75,5218445192.0,1.0,0.0
76,5130704608.0,2.0,0.0
76,5107537120.0,0.0,0.0
76,7267772760.0,0.0,0.0
76,7050135984.0,0.0,0.0
76,6839016608.0,1.0,0.0
76,6634218912.0,0.0,0.0
76,6435554240.0,0.0,0.0
76,6242838976.0,0.0,0.0
76,6055893752.0,0.0,0.0
76,5874546744.0,0.0,0.0
76,5698630136.0,1.0,0.0
75,5456332192.0,1.0,0.0
76,5364594272.0,0.0,0.0
76,5222289568.0,0.0,0.0
76,5068642120.0,0.0,0.0
76,4916858688.0,0.0,0.0
76,4769621140.0,0.0,0.0
76,4913836252.0,0.0,0.0
76,7169823768.0,0.0,0.0
76,6955119384.0,6.0,0.0
76,6746844608.0,2.0,0.0
76,6544806328.0,0.0,0.0
75,6266527512.0,0.0,0.0
76,6161163248.0,0.0,0.0
76,5976664208.0,6.0,0.0
76,5797689608.0,5.0,0.0
75,5551178184.0,4.0,0.0
76,5457841368.0,0.0,0.0
75,5225780208.0,5.0,0.0
74,5004697892.0,0.0,0.0
76,4988046120.0,5.0,0.0
76,190435749840.0,0.0,0.0
76,332711018496.0,0.0,0.0
75,318564515072.0,0.0,0.0
75,309148599552.0,0.0,0.0
76,305641617408.0,2.0,0.0
76,297124998656.0,4.0,0.0
76,288227473408.0,6.0,0.0
76,279596394496.0,5.0,0.0
76,271223744512.0,5.0,0.0
76,263101828096.0,0.0,0.0
76,255224465920.0,0.0,0.0
76,247582035712.0,0.0,0.0
75,237055144192.0,0.0,0.0
76,233069337856.0,3.0,0.0
76,226089944576.0,2.0,0.0
76,219319564800.0,0.0,0.0
76,212751964416.0,2.0,0.0
76,5.63278135101e+13,5.0,0.0
75,5.17692566536e+14,0.0,0.0
75,5.02390974841e+14,0.0,0.0
76,4.93943876747e+14,0.0,0.0
76,4.79152460792e+14,1.0,0.0
76,4.64803927163e+14,3.0,0.0
76,4.50885178098e+14,7.0,0.0
76,4.37383212827e+14,0.0,0.0
75,4.18786185314e+14,0.0,0.0
76,4.11744794051e+14,4.0,0.0
76,3.99414898196e+14,0.0,0.0
76,3.94899090833e+14,0.0,0.0
76,4.18609132208e+14,4.0,0.0
74,3.95544911413e+14,0.0,0.0
75,3.89119096127e+14,4.0,0.0
76,3.82576502505e+14,4.0,0.0
76,3.71120022225e+14,1.0,0.0
76,3.60006660653e+14,0.0,0.0
76,3.49226043703e+14,0.0,0.0
76,3.38768277275e+14,0.0,0.0
76,3.2862364998e+14,0.0,0.0
76,3.18782855447e+14,0.0,0.0
76,3.09236766081e+14,0.0,0.0
76,2.99976543175e+14,2.0,0.0
75,2.87221912699e+14,3.0,0.0
76,4.2318552472e+14,0.0,0.0
76,4.31522823274e+14,5.0,0.0
75,4.13175015014e+14,4.0,0.0
76,4.06228011319e+14,1.0,0.0
75,3.89045633942e+14,1.0,0.0
76,3.82683868824e+14,4.0,0.0
76,3.71224221319e+14,3.0,0.0
75,3.55440144679e+14,0.0,0.0
76,3.49463837147e+14,0.0,0.0
75,3.34605050184e+14,0.0,0.0
75,3.24715004559e+14,0.0,0.0
76,3.19255302373e+14,0.0,0.0
75,3.05680920871e+14,0.0,0.0
75,2.96645781357e+14,0.0,0.0
76,2.9165803248e+14,0.0,0.0
76,2.82924196037e+14,0.0,0.0
76,2.74451899613e+14,2.0,0.0
76,2.6623330825e+14,3.0,0.0
76,2.5826085752e+14,0.0,0.0
75,2.47279912223e+14,0.0,0.0
76,2.43122185437e+14,3.0,0.0
76,2.36111437758e+14,0.0,0.0
76,2.29448220148e+14,2.0,0.0
76,2.22831347237e+14,0.0,0.0
75,2.13579113431e+14,0.0,0.0
76,2.09988041048e+14,4.0,0.0
76,2.03699856867e+14,0.0,0.0
76,1.97599969673e+14,0.0,0.0
76,1.91682757788e+14,2.0,0.0
76,1.8594273008e+14,0.0,0.0
76,1.80374570533e+14,2.0,0.0
76,1.74973168124e+14,0.0,0.0
76,1.6973350699e+14,0.0,0.0
75,1.62516702593e+14,1.0,0.0
76,1.59784204108e+14,5.0,0.0
75,1.52990364598e+14,0.0,0.0
75,1.48468369326e+14,1.0,0.0
76,1.4597204607e+14,0.0,0.0
76,1.41600847299e+14,7.0,0.0
76,1.37360552231e+14,0.0,0.0
76,1.33251248816e+14,4.0,0.0
76,1.2933240062e+14,0.0,0.0
75,1.23833335939e+14,2.0,0.0
75,1.20173131596e+14,0.0,0.0
76,1.18152562475e+14,0.0,0.0
76,1.14614427582e+14,3.0,0.0
76,1.11182233207e+14,0.0,0.0
76,1.07852825231e+14,2.0,0.0
76,1.04623119008e+14,3.0,0.0
76,1.01490127536e+14,0.0,0.0
76,9.84509473096e+13,0.0,0.0
76,9.55027833487e+13,0.0,0.0
76,9.26428990013e+13,0.0,0.0
76,9.12193248297e+13,4.0,0.0
76,1.0160101471e+14,0.0,0.0
74,9.60030797988e+13,2.0,0.0
76,9.56836590387e+13,2.0,0.0
76,9.28183623352e+13,1.0,0.0
76,9.00388717855e+13,0.0,0.0
76,8.73426149704e+13,3.0,0.0
76,8.4727102505e+13,0.0,0.0
75,8.11246043136e+13,3.0,0.0
76,7.97605950259e+13,0.0,0.0
76,7.73721317704e+13,0.0,0.0
76,7.50551739269e+13,6.0,0.0
76,7.28506647839e+13,0.0,0.0
76,7.06708585185e+13,2.0,0.0
75,6.76660243333e+13,0.0,0.0
76,6.6528305152e+13,0.0,0.0
76,6.45360861839e+13,1.0,0.0
76,6.26045340877e+13,0.0,0.0
75,5.9943650263e+13,0.0,0.0
75,5.81718752625e+13,5.0,0.0
75,5.64524650332e+13,0.0,0.0
76,5.55032802755e+13,0.0,0.0
76,5.38412066406e+13,0.0,0.0
76,5.22289036001e+13,0.0,0.0
76,5.08529936905e+15,5.0,0.0
76,1.63597120103e+16,2.0,0.0
76,1.5869811582e+16,0.0,0.0
75,1.51950449904e+16,7.0,0.0
76,1.49395571663e+16,0.0,0.0
76,1.44921831051e+16,0.0,0.0
75,1.3875992972e+16,2.0,0.0
76,1.36426835369e+16,0.0,0.0
75,1.30626122668e+16,0.0,0.0
76,1.28429801886e+16,0.0,0.0
75,1.22969113861e+16,0.0,0.0
75,1.19334470775e+16,0.0,0.0
75,1.15807250526e+16,0.0,0.0
76,1.13860087843e+16,0.0,0.0
75,1.09018883922e+16,0.0,0.0
76,1.07185856892e+16,0.0,0.0
76,1.0397612742e+16,2.0,0.0
76,1.00862506901e+16,0.0,0.0
76,9.78421183781e+15,5.0,0.0
76,9.49121848862e+15,0.0,0.0
76,9.20699926269e+15,5.0,0.0
76,8.93129093389e+15,0.0,0.0
76,8.66383854725e+15,1.0,0.0
75,8.29546280098e+15,1.0,0.0
76,8.15598364577e+15,3.0,0.0
76,7.91174886248e+15,5.0,0.0
76,7.67482901247e+15,0.0,0.0
76,7.44500224223e+15,6.0,0.0
75,7.12844891705e+15,0.0,0.0
76,7.00859227623e+15,0.0,0.0
76,6.79871758362e+15,2.0,0.0
76,6.59512857566e+15,8.0,0.0
76,6.39763406756e+15,9.0,0.0
76,6.20605381332e+15,3.0,0.0
76,6.02021042743e+15,0.0,0.0
75,5.76423931045e+15,0.0,0.0
76,5.66732075617e+15,12.0,0.0
76,5.49761017342e+15,0.0,0.0
76,5.33302081067e+15,6.0,0.0
75,5.10632857803e+15,0.0,0.0
76,5.02047153167e+15,1.0,0.0
76,4.87013056355e+15,0.0,0.0
76,6.47897939549e+16,0.0,0.0
76,7.98951769941e+16,0.0,0.0
75,7.64981204599e+16,1.0,0.0
76,7.52118951282e+16,4.0,0.0
76,7.29596372294e+16,0.0,0.0
76,7.07748318591e+16,0.0,0.0
76,6.8655443337e+16,0.0,0.0
76,6.65995204058e+16,0.0,0.0
75,6.37677817614e+16,2.0,0.0
76,6.26977500509e+16,0.0,0.0
76,6.08203852848e+16,1.0,0.0
76,5.89990915851e+16,0.0,0.0
76,5.86348037333e+16,3.0,0.0
76,5.77169229842e+16,5.0,0.0
75,5.52628655772e+16,0.0,0.0
76,5.4333689668e+16,7.0,0.0
75,5.20234818559e+16,0.0,0.0
76,5.11487710981e+16,8.0,0.0
76,4.96170944252e+16,0.0,0.0
76,4.81312845133e+16,5.0,1.0
76,4.66899730128e+16,0.0,0.0
75,4.47047628929e+16,7.0,0.0
76,4.39531014717e+16,2.0,0.0
76,4.26368973689e+16,0.0,0.0
76,4.13609981788e+16,1.0,0.0
76,4.01224687608e+16,0.0,0.0
76,3.89209834694e+16,1.0,0.0
75,3.72661073708e+16,0.0,0.0
76,3.66395241215e+16,0.0,0.0
76,3.55423344604e+16,0.0,0.0
75,3.40311224678e+16,0.0,0.0
76,3.34589088403e+16,1.0,0.0
76,3.24569574282e+16,9.0,0.0
76,3.14850178383e+16,6.0,0.0
76,3.05421824903e+16,3.0,0.0
76,2.96275810493e+16,8.0,0.0
76,2.8740366568e+16,0.0,0.0
76,2.78797240762e+16,0.0,0.0
76,2.70448505829e+16,0.0,0.0
75,2.58949371449e+16,3.0,0.0
76,2.54595460088e+16,2.0,0.0
75,2.43770366131e+16,0.0,0.0
76,2.39671643944e+16,2.0,0.0
75,2.29481101205e+16,0.0,0.0
76,2.25622638482e+16,0.0,0.0
75,2.16029407247e+16,4.0,0.0
76,2.12413013243e+16,0.0,0.0
75,2.03392688534e+16,0.0,0.0
75,1.97380933052e+16,0.0,0.0
76,1.94062200582e+16,2.0,0.0
76,1.88250895417e+16,0.0,0.0
75,1.80246700244e+16,0.0,0.0
76,1.77216067805e+16,0.0,0.0
76,1.71909262585e+16,0.0,0.0
76,1.66761348003e+16,0.0,0.0
76,1.61767592548e+16,0.0,0.0
75,1.5488941734e+16,0.0,0.0
76,1.52285135231e+16,0.0,0.0
76,1.47724940282e+16,0.0,0.0
76,1.43301237046e+16,4.0,0.0
76,1.39010012076e+16,3.0,0.0
76,1.348472833e+16,0.0,0.0
76,1.30809209909e+16,3.0,0.0
76,1.26892069544e+16,0.0,0.0
76,1.23092228259e+16,1.0,0.0
76,1.19406139686e+16,0.0,0.0
76,1.15830458952e+16,2.0,0.0
76,1.12361858799e+16,0.0,0.0
76,1.0899712941e+16,3.0,0.0
76,1.0573315794e+16,7.0,0.0
75,1.01237516686e+16,0.0,0.0
76,9.4469536539e+16,4.0,0.0
75,1.33176587125e+17,0.0,0.0
76,1.30937438809e+17,0.0,0.0
76,1.27016499008e+17,0.0,0.0
75,1.21615901367e+17,0.0,0.0
76,1.19571075759e+17,0.0,0.0
75,4.34928110749e+17,0.0,0.0
76,4.36083885508e+17,7.0,0.0
76,4.23025138914e+17,0.0,0.0
75,4.0625162786e+17,0.0,0.0
76,3.99526235208e+17,9.0,0.0
76,3.87562311747e+17,0.0,0.0
76,3.75956603591e+17,0.0,0.0
75,3.59971384929e+17,4.0,0.0
76,3.53987597301e+17,3.0,0.0
76,3.4339112405e+17,0.0,0.0
76,3.33108091875e+17,0.0,0.0
75,1.13661174694e+18,7.0,0.0
76,1.15151541284e+18,0.0,0.0
76,1.11704132741e+18,0.0,0.0
76,1.08359095388e+18,6.0,0.0
76,1.05114223866e+18,1.0,0.0
76,1.02013951009e+18,0.0,0.0
76,9.89899772783e+17,3.0,0.0
76,9.60283940684e+17,0.0,0.0
76,9.31527833262e+17,0.0,0.0
75,8.9337660514e+17,0.0,0.0
76,8.81262410437e+17,0.0,0.0
74,8.32707389618e+17,1.0,0.0
76,8.29936718026e+17,0.0,0.0
76,8.05083846818e+17,0.0,0.0
76,7.80975160299e+17,0.0,0.0
76,7.57588434159e+17,6.0,0.0
76,7.34901888621e+17,3.0,0.0
76,7.12894846637e+17,0.0,0.0
76,6.91546891007e+17,1.0,0.0
76,6.70838174687e+17,0.0,0.0
76,6.50749579704e+17,0.0,0.0
76,6.31262732725e+17,0.0,0.0
76,6.12359274374e+17,0.0,0.0
76,5.94022011362e+17,5.0,0.0
75,5.68764839313e+17,5.0,0.0
76,5.59201748884e+17,6.0,0.0
75,5.35425120781e+17,0.0,0.0
76,5.26422569755e+17,8.0,0.0
76,5.10658548351e+17,0.0,0.0
76,4.95366598614e+17,8.0,0.0
75,4.74638035251e+17,0.0,0.0
76,4.67249856667e+17,0.0,0.0
76,4.53257769119e+17,1.0,0.0
76,4.42479415008e+17,0.0,0.0
75,4.23701796515e+17,0.0,0.0
76,4.16577776138e+17,3.0,0.0
76,4.04103127378e+17,0.0,0.0
76,3.920020538e+17,0.0,0.0
76,3.80263461504e+17,0.0,0.0
75,4.01617582559e+17,1.0,0.0
76,4.31327430956e+17,0.0,0.0
76,4.18411067895e+17,0.0,0.0
76,4.05881565961e+17,3.0,0.0
76,3.93727112383e+17,7.0,0.0
76,3.81936752308e+17,8.0,0.0
76,3.70499431566e+17,0.0,0.0
75,3.54746232407e+17,0.0,0.0
1,4.65841601852e+15,0.0,0.0
74,3.39602440788e+17,0.0,0.0
75,3.34085408462e+17,0.0,0.0
76,3.28468161932e+17,0.0,0.0
75,3.14502061083e+17,0.0,0.0
75,3.05206218283e+17,0.0,0.0
75,2.96185106555e+17,4.0,0.0
76,2.91205101103e+17,7.0,0.0
76,2.82484808884e+17,0.0,0.0
76,2.74077652263e+17,0.0,0.0
75,2.63654754209e+17,0.0,0.0
75,2.55861810929e+17,3.0,0.0
76,2.51559797202e+17,0.0,0.0
76,2.44042989717e+17,2.0,0.0
76,2.54188663469e+17,0.0,0.0
76,2.54462685335e+17,0.0,0.0
76,2.46842682671e+17,0.0,0.0
76,2.3945084907e+17,1.0,0.0
76,2.32280361441e+17,8.0,0.0
75,2.22404065085e+17,2.0,0.0
76,2.18665702734e+17,8.0,0.0
76,2.12144141713e+17,0.0,0.0
76,2.0579138445e+17,1.0,0.0
76,1.99628834914e+17,5.0,0.0
76,2.01143813761e+17,4.0,0.0
76,2.18886378422e+17,0.0,0.0
76,2.12331701324e+17,0.0,0.0
76,2.05973312554e+17,7.0,0.0
76,1.99805331495e+17,1.0,0.0
75,1.91309844308e+17,0.0,0.0
76,1.88093210961e+17,6.0,0.0
76,1.82472699183e+17,4.0,0.0
76,1.77009326568e+17,0.0,0.0
76,1.71708684895e+17,1.0,0.0
74,1.66528627516e+17,0.0,0.0
76,1.66499373554e+17,8.0,0.0
76,1.61513458897e+17,1.0,0.0
76,1.56676863342e+17,0.0,0.0
76,1.51985100526e+17,7.0,0.0
75,1.45522871258e+17,0.0,0.0
76,1.43076074157e+17,2.0,0.0
76,1.38792098488e+17,6.0,0.0
76,1.34647988428e+17,1.0,0.0
76,1.30788868642e+17,0.0,0.0
75,1.25253357085e+17,0.0,0.0
76,1.23147368995e+17,0.0,0.0
76,1.19459669676e+17,0.0,0.0
76,1.15882380543e+17,0.0,0.0
76,1.12412216082e+17,0.0,0.0
73,1.04804094908e+17,0.0,0.0
76,1.05907569583e+17,0.0,0.0
75,1.01404504947e+17,0.0,0.0
75,9.84107493989e+16,6.0,0.0
76,9.67592771626e+16,9.0,0.0
76,9.62705426334e+16,9.0,0.0
76,9.82264755719e+16,0.0,0.0
76,9.5285029504e+16,4.0,0.0
74,9.00350829406e+16,0.0,0.0
76,8.97355207829e+16,4.0,0.0
76,8.70483366448e+16,4.0,0.0
76,8.44416243561e+16,3.0,0.0
76,8.19129845065e+16,2.0,0.0
75,7.84301427786e+16,0.0,0.0
75,7.61139384539e+16,1.0,1.0
76,7.48533827324e+16,2.0,0.0
76,7.26749441142e+16,0.0,0.0
76,7.05202625037e+16,0.0,0.0
75,6.75267567346e+16,0.0,0.0
75,6.55308357716e+16,5.0,0.0
75,6.35939160494e+16,0.0,0.0
76,6.25246607214e+16,0.0,0.0
76,6.06523265699e+16,0.0,0.0
76,5.88360587873e+16,0.0,0.0
76,5.70741813296e+16,4.0,0.0
76,6.15972463528e+16,2.0,0.0
74,6.13124516348e+16,0.0,0.0
75,6.03164003334e+16,0.0,0.0
76,5.93022538649e+16,0.0,0.0
76,5.75264165556e+16,0.0,0.0
76,5.58037581221e+16,3.0,0.0
76,5.41326884869e+16,0.0,0.0
76,5.25116599184e+16,4.0,0.0
76,5.09391979005e+16,5.0,0.0
75,4.87733782989e+16,0.0,0.0
76,4.79533105309e+16,4.0,0.0
75,4.59143901673e+16,0.0,0.0
76,4.51423949617e+16,0.0,0.0
76,4.37905863517e+16,0.0,0.0
76,4.24792556275e+16,0.0,0.0
76,4.12071911385e+16,1.0,0.0
76,4.00089899199e+16,0.0,0.0
76,3.88783519595e+16,4.0,0.0
76,3.77153195103e+16,11.0,0.0
75,3.61117060946e+16,4.0,0.0
76,3.55045314669e+16,5.0,0.0
75,3.39949166317e+16,0.0,0.0
76,3.34912700096e+16,0.0,0.0
76,3.25048094373e+16,8.0,0.0
76,3.1531449354e+16,2.0,0.0
76,3.05874241659e+16,5.0,0.0
76,2.97169261334e+16,7.0,1.0
76,1.59965531947e+17,0.0,0.0
76,1.81858319949e+17,5.0,0.0
76,1.76415907579e+17,0.0,0.0
76,1.71133122501e+17,0.0,0.0
76,1.66614930588e+17,2.0,0.0
76,1.6222101597e+17,0.0,0.0
76,1.57363331857e+17,4.0,0.0
76,1.52651081108e+17,0.0,0.0
76,1.48079890372e+17,0.0,0.0
76,1.43645572996e+17,0.0,0.0
75,1.37537964816e+17,1.0,0.0
76,1.35225415106e+17,0.0,0.0
76,1.31176029745e+17,9.0,0.0
75,1.25598582262e+17,1.0,0.0
76,1.2348679261e+17,0.0,0.0
76,1.1978889167e+17,2.0,0.0
76,1.16201746124e+17,0.0,0.0
75,1.11260973721e+17,0.0,0.0
76,1.0939025092e+17,0.0,0.0
75,1.04739098497e+17,0.0,0.0
76,1.0297803413e+17,2.0,0.0
76,9.98942932457e+16,5.0,0.0
76,9.6902903956e+16,5.0,0.0
76,9.40171453604e+16,7.0,1.0
76,9.12132487072e+16,0.0,0.0
75,8.7334969743e+16,5.0,0.0
76,8.58665294171e+16,2.0,0.0
76,8.3295192291e+16,0.0,0.0
76,8.08008690287e+16,0.0,0.0
76,7.83812492735e+16,0.0,0.0
76,7.60340832007e+16,3.0,0.0
76,7.37635749792e+16,0.0,0.0
76,7.15583428787e+16,1.0,0.0
76,6.94154943728e+16,1.0,0.0
76,6.73368179128e+16,0.0,0.0
76,6.53203829781e+16,0.0,0.0
76,6.33663492205e+16,0.0,0.0
75,2.10722248028e+17,0.0,0.0
76,5.45757774861e+17,3.0,0.0
76,5.31494608304e+17,1.0,0.0
76,5.17328513377e+17,2.0,0.0
